$ 1 0.000005 10.20027730826997 60 5 50
t 272 80 272 48 1 1 -6.231872527749921 0.7673555334952411 100
t 256 128 256 80 1 1 -5.583887086423118 0.6479854413268029 100
w 240 80 240 48 0
w 240 48 256 48 0
R 240 48 80 48 0 0 40 24 0 0 0.5
w 288 48 320 48 0
w 320 48 448 48 1
r 448 48 448 192 0 22
g 448 192 448 240 0
w 240 48 144 64 0
r 144 64 144 144 0 5600
34 zvoltage\q8.2 0 1.7143528192808883e-7 0 2 8.2
z 144 240 144 144 2 zvoltage\q8.2
g 144 240 144 272 0
174 336 176 336 96 1 10000 0.9851000000000001 Resistance
r 336 80 320 48 0 5600
r 336 176 336 256 0 7500
g 336 256 336 288 0
t 224 224 224 160 1 1 0.5934415017459411 -9.624469607436502 100
w 208 160 144 144 0
w 240 160 256 128 0
r 144 64 256 128 0 5600
w 224 224 288 224 2
w 448 48 512 48 2
w 288 224 320 128 0
