$ 1 0.000005 26.59566520631553 51 5 50 5e-11
R 144 64 80 64 0 0 40 24 0 0 0.5
t 160 224 208 224 0 -1 1.0247632023548061 -0.5565871469764929 100 default
t 288 224 320 224 0 1 -18.62681616564618 0.510925038379122 100 default
w 288 224 288 192 0
w 288 192 208 192 0
w 208 192 208 208 0
w 144 64 208 64 0
r 208 64 208 192 0 100000
r 320 208 320 64 0 100000
w 320 64 208 64 0
g 208 304 208 336 0 0
g 320 304 320 336 0 0
w 416 240 416 144 1
r 416 240 416 288 0 82
g 416 288 416 336 0 0
r 160 224 80 224 0 10000
c 160 224 160 288 0 0.0000047 1.0247632023548061 0.001
g 160 320 160 336 0 0
R 80 224 48 224 0 2 2000 2.5 2.5 0 0.2
w 320 208 352 208 0
w 352 208 352 128 0
w 416 144 512 144 2
f 352 128 416 128 33 1.5 0.02
w 160 224 160 176 2
r 320 240 320 304 0 10000
r 416 240 320 240 0 47000
w 320 64 416 64 0
w 416 64 416 112 0
w 160 320 160 288 0
w 208 304 208 240 0
x 444 271 477 274 4 24 fan
o 16 64 0 4099 5 0.0015625 0 1
