$ 1 0.000005 10.20027730826997 50 5 50
a 240 160 352 160 8 15 -15 1000000 0.016604590686226606 0.016621361322819696 100000
r 240 96 336 96 0 470000
w 336 96 352 160 0
w 240 96 240 144 0
r 240 144 144 144 0 4700
w 352 160 432 144 2
R 144 304 144 224 0 0 40 20 0 0 0.5
r 144 304 144 384 0 75800
v 96 144 96 176 0 0 40 0.0066 0 0 0.5
r 96 176 160 176 0 1000
w 160 176 240 176 0
r 144 384 208 416 0 38
g 208 416 256 416 0
w 144 384 240 320 0
g 144 144 128 80 0
w 240 320 48 208 0
w 48 208 96 144 0
w 240 320 336 320 2
